,666 666666 6666666616666666 666666 66
auu 6666666666 [66666666 666666666666666666γ
66666666 6666666666666666666 6666 6666
[66666666 6666666666 stem} 6666666 6666666666·
6666666666 66666669, 66666 6666666666ιῖ

, 6 66666666 510 66666666666666666666 6Ι

66666666666666 66 6666666666 6666666666
666666666666666666 ,
666 6666666666
¹ 666666666Ε66666666 6166666666666
’66666666616666666666616166666666666

(6666666666 &unmahtim mmmm >

6666666666 mnoslw 6666666666 66666666 66666666 ’
mmmmm 6666666666 sena 66666666
66666666 66666 6666 66 6666 66666 6666666666 66666,
66666666 6666666666δί 6666666666 66 5 03 >
Θ6666666666 &sete ’6666 1 666666 666666 6666661.
mss
66666 ’66666 66 6666666166 5et) &spania 6
meae 66 ,66666666 6 6666666666 66
666666 &mmmm [6666666666 6666666

6666 6666666 666666 666 6666666666 666666

 

